23164
61479
49495
32747
15261
39334
6271
54397
33849
27817
36159
23978
11713
57072
14917
25410
48470
11874
25543
59084
32879
38613
23769
36371
27422
51793
64929
17582
23197
42481
60040
13488
41187
60036
28362
65033
466
1888
61674
50101
15904
27688
32106
39866
3053
890
44692
44444
59090
22755
28275
14410
31222
61586
64999
24368
60419
45810
3980
60446
63362
14899
4910
47942
16304
51119
27925
48681
37800
43989
57192
1001
64666
49279
62029
65417
18804
1006
27767
63837
57258
30292
43230
48756
38750
42206
45716
57742
19950
8242
60516
19268
13884
53533
47670
7381
10082
20844
11692
41121
47516
16545
22735
59194
46080
57487
20675
56846
33951
1406
31258
59276
28121
48165
51218
59991
1958
42503
45775
14323
18463
26312
52761
49568
44146
2844
52468
42468
22640
53301
1683
59685
12177
24933
6450
400
29899
34129
24326
212
26412
21640
37849
30519
28148
48465
15889
29020
41116
7106
22394
5888
2870
40569
61440
50026
53071
42840
27204
57907
53706
12580
50797
17160
49383
57042
44683
61179
61265
56324
36854
12412
27557
18414
41511
30231
21539
61648
58462
58896
13689
40642
41873
59407
10094
50380
16536
2191
50004
57215
42734
31195
17487
3306
5503
3709
31129
704
41061
62232
23677
47459
47970
10308
22462
13666
27772
59952
45595
22791
45960
55774
17023
42313
43609
1302
6099
8379
49235
25785
8508
5275
53013
18290
2889
4031
9154
30425
27733
17727
46215
61806
19340
19922
50007
29314
60330
63161
2367
62579
16919
52286
1968
2008
28046
41145
21126
36233
62078
26466
3431
51278
12235
19683
42140
10031
59875
16980
9191
53722
36244
62119
53405
16087
54468
55957
42594
44587
18042
32831
35501
44130
63188
24076
61978
2162
23489
19494
63077
21565
48595
8632
40080
60018
4786
653
6805
65286
3496
46021
4961
51167
9144
17069
63713
52188
45361
59390
32481
48467
32626
2058
26822
29872
37000
27086
6062
3661
23559
44010
24841
26184
60084
54073
7902
7178
28259
50079
3497
32721
54778
1163
20341
50486
19492
24691
60360
10265
46940
31907
61259
23728
62567
15943
10293
18658
14048
48663
40076
11247
26301
15923
43123
43750
29630
24991
38016
50108
236
8899
31103
8044
57486
21104
30526
13394
5462
58266
55978
56992
15622
54667
31607
42010
52505
5775
48698
33782
38902
26914
40078
41613
62023
56473
25787
7254
8582
15757
35979
756
45010
31001
43819
52187
56035
1405
6840
279
44544
14934
49003
43865
56803
8037
20204
61456
13193
41533
12694
40959
3150
42565
45270
47561
7341
52912
50236
6595
29646
52296
4550
995
35562
63750
61590
55147
39104
65007
46795
58647
10532
33917
53030
2407
10069
45239
61475
46136
49494
31670
63603
28363
16335
27745
598
41076
43569
36246
64702
21023
44995
37476
50292
28804
17461
37386
17637
40403
61353
41771
32344
64723
22317
24475
35289
39558
43296
17681
24794
46815
41497
17095
37710
19331
57275
7510
26971
54866
22766
47240
39325
51210
37685
40825
41244
37531
40120
9614
31208
25173
55135
21416
28732
9730
13321
9219
59147
59248
60205
47421
11094
13698
60090
43501
58597
50508
52653
54900
6680
40668
2412
47733
9976
28337
11471
47827
62550
40121
18006
36025
24195
59109
20308
46571
14945
42702
27203
4835
8059
63807
51261
51318
56498
29255
42445
38060
50969
17135
22415
57839
24111
64765
15422
41102
47573
57265
22870
53540
64402
39997
47787
61250
25106
15430
35113
27249
27075
40472
27421
62803
37829
19405
44453
19093
27688
10886
5356
50912
23775
8050
62616
51533
56122
47068
25757
41430
54610
43515
26081
9017
45797
37975
34534
60223
13532
19244
55337
40616
26492
48314
39851
44137
20494
39192
16393
29507
3929
30279
42769
42257
41257
49090
1858
35034
58967
59545
36861
55227
11464
47538
22286
46504
20431
16905
36001
3578
58744
38499
58812
216
49872
51144
5867
12876
44209
64931
58645
37424
64409
37063
9199
34239
45773
8528
9287
25629
25774
37133
58028
42912
49913
22801
21830
33156
59659
2345
47038
7618
64310
46572
43754
38175
18482
25557
34015
35905
35810
62935
45624
54337
37944
2551
35917
5052
23921
25012
24216
56132
47363
48018
26986
23924
58939
19017
48621
58895
52051
35429
43328
46271
3468
2846
44752
60252
25940
43314
34475
11715
46175
46183
16478
34240
34254
57600
12126
16760
24436
48978
6235
16797
15927
41922
49155
30529
35229
31335
22946
56172
64300
25153
55075
44221
22654
11728
2585
13860
23083
304
14251
19604
51480
20914
58534
21909
20099
1987
29984
19797
60635
37624
55522
29951
52951
26678
3304
8642
31512
52532
14199
26192
25523
37148
41273
56329
52745
37490
44923
49843
46846
52323
17292
42442
24021
21538
52771
6512
45911
53086
56751
22266
61237
49792
42917
13895
55717
50510
53707
26097
63153
33301
44333
52406
12898
3124
56065
41784
9358
59698
31025
20958
42862
20966
4458
13286
43238
4498
34961
37634
41587
48557
46500
1442
33421
11384
27710
41665
33571
22766
4409
34714
5803
45554
64616
2958
57310
63394
19077
52226
25144
46626
31603
53765
35454
30616
33769
21990
20937
27054
25616
46632
617
19401
65390
49011
12109
36028
54113
20126
21530
61251
18737
5359
41131
26131
7411
3442
26045
2401
39984
14604
25963
41555
7150
64007
22433
50018
52812
59219
56534
22869
16863
61477
61064
3470
4523
61898
24875
23069
14552
32868
62760
22659
49858
10007
45028
51206
11248
8791
8535
38223
19368
59074
59947
1534
28230
17712
20673
9593
56978
51544
13287
59129
17939
61388
57376
49692
27267
60051
39699
7425
5754
3428
30533
18352
46754
21443
48196
60030
24
14399
58247
49709
429
48418
35974
11168
21895
53295
33099
2973
56462
23759
52228
59399
61015
28345
17612
52567
14338
49813
59409
48902
30761
22311
43348
47707
50888
53181
32407
43829
25331
21737
44411
26530
59118
45715
18432
52256
60069
38661
35381
15711
15877
27992
59404
8002
3489
31613
448
39531
5487
55497
2362
21412
62664
59874
64166
26979
19722
17021
12729
11730
28435
53382
39549
5439
27619
49075
62459
17392
42993
37881
15120
351
61378
3430
30815
13353
11499
50389
25614
26445
32172
24234
57495
55759
44087
15339
27272
49851
65202
51896
45242
28614
37708
53609
30397
49792
1451
9262
15649
300
55706
16266
30727
2961
5045
58197
6025
858
